from_stop_id,to_stop_id,transfer_type,min_transfer_time
2476,3813108,2,218
2252,3812978,2,210
2150,3811267,2,199
1916,5121368,2,269
2533,3687424,2,187
2533,3687425,2,189
1916,6591481,2,269
1977,6251749,2,245
7176293,2207,2,197
2252,3812979,2,221
2346,4024524,2,198
2150,6591485,2,229
2031,6591485,2,229
2346,4024523,2,198
2031,6591486,2,237
2150,6591486,2,237
1653,3442423,2,246
1653,3442422,2,227
2167,5018341,2,245
2233,5454887,2,198
1690,3813059,2,215
2004,4008272,2,206
2026,4008871,2,213
1811,5018343,2,278
1811,5018342,2,267
2241,6591481,2,269
2500,3813059,2,215
3764470,1903,2,190
6673108,2167,2,275
2241,1657,2,133
1653,3687425,2,189
1653,3687424,2,187
2476,3893422,2,220
2476,3893423,2,194
2018,5018345,2,213
2018,5018344,2,217
1666,3812963,2,207
2005,7069452,2,208
2005,7069450,2,210
2005,7069451,2,182
1672,2167,2,300
1927,3812978,2,210
1916,3812988,2,274
1666,4009666,2,226
3807589,2252,2,243
1952,3887757,2,232
2256,4008273,2,283
4024988,2005,2,238
1927,3812979,2,221
2167,3765205,2,195
2005,7069449,2,202
2194,7131581,2,319
2476,3765210,2,218
3716888,1811,2,276
2167,4036772,2,245
2194,3442590,2,203
1927,3813119,2,221
1927,3813118,2,210
8433,3740547,2,199
8433,3740548,2,207
5727695,2005,2,203
8433,3740549,2,224
2354,7013446,2,231
2005,3442590,2,203
3716975,2167,2,245
5727690,2194,2,218
2193,3681815,2,230
2533,1845,2,105
3807588,1690,2,279
2193,3681816,2,201
2193,3681818,2,312
2194,4008265,2,218
1817,7013445,2,234
2533,3812926,2,227
1666,3765210,2,218
3343756,2241,2,180
4037260,1952,2,208
4471841,1952,2,208
4025058,2194,2,203
5727690,2005,2,218
3716975,1977,2,245
2476,4009626,2,194
1977,3813068,2,195
3343755,2241,2,180
3716976,1811,2,276
2207,3926338,2,208
3343755,1916,2,180
2004,4008260,2,218
7653679,1666,2,218
5709975,2167,2,275
2194,4008270,2,203
2005,7131581,2,319
2194,4008271,2,222
1666,4009626,2,194
1666,5138220,2,194
2346,7714345,2,260
1977,7170700,2,275
5727688,2005,2,218
2346,7714344,2,256
1927,3812933,2,243
2256,4008869,2,272
1867,3687423,2,235
1666,3812930,2,217
2354,2353,2,71
1977,3813070,2,245
1867,4037039,2,235
2005,4015831,2,203
3716887,1977,2,245
2193,3681846,2,201
2193,3681845,2,312
4024988,2194,2,238
2194,3442588,2,210
2194,3442587,2,202
1653,3765206,2,232
1653,3765207,2,186
1977,7275154,2,275
2167,3813068,2,195
1952,3673583,2,268
1927,3764713,2,243
3807622,1666,2,207
1908,5454887,2,198
1908,2232,2,67
8433,7714344,2,256
1653,6591519,2,186
8433,7714345,2,260
2167,3813070,2,245
1977,7170697,2,275
1977,7170699,2,275
1977,7170698,2,275
2031,3811267,2,199
8433,4008249,2,223
1690,3812961,2,215
8433,4008248,2,196
2334,3687423,2,235
2533,3748045,2,232
2350,5018403,2,267
2106,6591484,2,182
2533,3748044,2,186
3716893,2207,2,263
1952,2206,2,169
2167,6251749,2,245
2167,5018402,2,245
1672,1977,2,300
3807586,1666,2,217
2026,7013436,2,213
1817,2355,2,51
2252,3764760,2,243
2476,2477,2,57
5727667,1818,2,209
2350,3748049,2,188
1977,7275447,2,275
1952,2211,2,800
1977,5018341,2,245
3807620,2500,2,215
2005,3632431,2,218
2005,3442587,2,202
2005,3442588,2,210
1952,7176294,2,197
1952,7176292,2,197
5727666,1818,2,198
8433,4024524,2,198
2167,7275154,2,275
8433,4024523,2,198
4009538,1927,2,251
2137,5018404,2,217
3764465,2150,2,210
2476,3812930,2,217
2500,3812932,2,279
1927,1928,2,160
2005,7069272,2,218
2005,7069273,2,203
2207,7176395,2,197
3716976,2350,2,276
2207,7176294,2,197
2207,7176292,2,197
1927,3813058,2,221
1927,3764760,2,243
2167,7275447,2,275
3764466,2150,2,195
7176293,1952,2,197
2241,5121368,2,269
2533,2312,2,106
2482,2167,2,300
1916,2537,2,143
2354,1814,2,89
8433,4008251,2,198
1952,1951,2,145
8433,4008250,2,228
2005,4015769,2,210
3764465,2031,2,210
2005,4015768,2,202
2018,3887763,2,189
1952,1956,2,800
2018,3887762,2,203
5727688,2194,2,218
2167,7170697,2,275
7653679,2476,2,218
2167,7170699,2,275
2350,3813071,2,188
2167,7170698,2,275
2350,3765252,2,276
1908,3764518,2,207
1908,3764519,2,198
2005,4015770,2,218
3343756,1916,2,180
2354,4008246,2,263
2354,4008247,2,231
2500,3812961,2,215
3716888,2350,2,276
1952,7176395,2,197
2167,7170700,2,275
1818,5121357,2,198
1818,5121356,2,209
2533,4037040,2,186
1908,3887761,2,198
4471841,2207,2,208
2252,1928,2,152
2233,3764519,2,198
2233,3764518,2,207
1908,5454913,2,198
1908,5454912,2,207
2137,5018345,2,213
2137,5018344,2,217
2476,5138183,2,226
3807622,2476,2,207
2350,5018342,2,267
2207,2211,2,800
2350,5018343,2,278
2004,3681815,2,230
2004,3681816,2,201
2004,3681818,2,312
2476,3812963,2,207
2346,3681831,2,216
2207,3887817,2,270
3807620,1690,2,215
1811,3813071,2,188
4037260,2207,2,208
2346,3681832,2,210
1927,2253,2,151
2252,2253,2,144
3716887,2167,2,245
2346,3681839,2,210
2031,5121364,2,229
2031,5121363,2,237
1916,1657,2,143
1952,7153051,2,208
1977,5018402,2,245
1952,7153050,2,197
1811,3748049,2,188
2241,3749891,2,267
2334,3748042,2,264
2334,3748041,2,264
1818,7013432,2,225
1818,7013433,2,231
2241,3749893,2,187
2241,3749894,2,198
1977,3765251,2,245
1908,1907,2,14
1811,3765252,2,276
1818,6591493,2,209
1818,6591492,2,198
2346,3740549,2,224
2346,3740548,2,207
2346,3740547,2,199
4024990,2194,2,218
5709975,1977,2,275
1977,4036772,2,245
1818,7013447,2,279
4024989,2194,2,275
2252,4009536,2,251
2252,4009537,2,251
2241,2537,2,133
2334,3812965,2,235
2334,4037039,2,235
1817,1816,2,63
3764466,2031,2,195
2252,3764713,2,243
2252,4009539,2,251
1653,3748045,2,232
3764470,2299,2,190
2207,3764976,2,208
1653,3748044,2,186
1666,3893422,2,220
1666,3893423,2,194
2207,3765255,2,270
1903,7013430,2,232
1666,2477,2,67
1903,7013431,2,214
2533,3765207,2,186
2533,3765206,2,232
1653,3812926,2,227
3764469,1903,2,213
1690,3812932,2,279
4025058,2005,2,203
2194,4687379,2,200
1952,3926338,2,208
4024990,2005,2,218
4024989,2005,2,275
2233,1907,2,76
2137,3887763,2,189
1977,3748046,2,195
2346,4008248,2,196
3807588,2500,2,279
2137,3887762,2,203
2476,5138220,2,194
3716893,1952,2,263
2207,3887757,2,232
1977,3748048,2,245
2350,4036774,2,278
1952,3765255,2,270
2350,4036773,2,267
8433,3681839,2,210
2533,3442423,2,246
2252,4726759,2,221
2533,3442422,2,227
1952,3887817,2,270
2346,4008249,2,223
3807586,2476,2,217
8433,3681832,2,210
2241,3812988,2,274
8433,3681831,2,216
4009538,2252,2,251
1867,3748042,2,264
2137,6251753,2,213
1867,3748041,2,264
2137,6251752,2,217
2346,4008251,2,198
3807589,1927,2,243
2346,4008250,2,228
2004,3681846,2,201
2004,3681845,2,312
2207,2206,2,145
2256,7013435,2,208
2256,7013434,2,272
1867,3812965,2,235
2207,1956,2,800
2150,5121363,2,237
2150,5121364,2,229
2194,4015831,2,203
2476,3813061,2,207
5727689,2005,2,207
1811,5018403,2,267
1653,3813066,2,186
2194,4015770,2,218
1653,3813067,2,232
1811,6251751,2,278
1811,6251750,2,267
2207,1951,2,129
5727695,2194,2,203
1666,1667,2,65
2194,7069272,2,218
2241,3749941,2,206
2533,3813066,2,186
2533,3813067,2,232
2194,4015768,2,202
2233,5454913,2,198
2233,5454912,2,207
2194,7069273,2,203
7653720,1666,2,235
1867,6591518,2,235
2194,4015769,2,210
2005,4008265,2,218
2233,3887761,2,198
2207,3673583,2,268
1916,3749891,2,267
2350,6251750,2,267
1916,3749894,2,198
1653,1845,2,91
2476,4009666,2,226
2350,6251751,2,278
1916,3749893,2,187
2031,3812947,2,195
2031,3812946,2,229
2005,4687379,2,200
6673108,1977,2,275
2057,5121365,2,182
2005,4008270,2,203
2005,4008271,2,222
1927,3887782,2,243
2299,7013431,2,214
1653,2312,2,80
2299,7013430,2,232
1653,4037040,2,186
3764469,2299,2,213
2252,3813118,2,210
2252,3813119,2,221
1818,4008882,2,225
1666,3813061,2,207
2018,6251752,2,217
2018,5018404,2,217
2193,4008260,2,218
2167,3748046,2,195
2167,3748048,2,245
1952,3764976,2,208
2194,7069449,2,202
2018,6251753,2,213
2193,4008272,2,206
2167,3765251,2,245
1927,4009539,2,251
1666,3813108,2,218
2150,3812946,2,229
2252,3887782,2,243
2233,2232,2,78
2150,3812947,2,195
2194,7069452,2,208
2194,7069451,2,182
2194,7069450,2,210
2252,3812933,2,243
2194,3632431,2,218
2482,1977,2,300
7653720,2476,2,235
1811,4036773,2,267
1811,4036774,2,278
2137,4036775,2,217
2057,6591484,2,182
2137,4036776,2,213
1927,4726759,2,221
1666,5138183,2,226
2207,7153051,2,208
2207,7153050,2,197
1927,4009536,2,251
1927,4009537,2,251
1977,3765205,2,195
1916,3749941,2,206
2106,5121365,2,182
2476,1667,2,99
2018,4036776,2,213
5727689,2194,2,207
2018,4036775,2,217
2533,6591519,2,186
2252,3813058,2,221
2334,6591518,2,235
