from_stop_id,to_stop_id,transfer_type,min_transfer_time
4996981,2063,2,209
5761973,2485,2,387
1951,3926338,2,208
2072,7170691,2,212
2403,5454881,2,216
2089,6869762,2,207
1746,5747220,2,206
6591780,2125,2,216
2403,5454880,2,199
1675,1674,2,111
1746,5747219,2,206
2077,2213,2,134
2126,1958,2,97
2017,7153055,2,264
2017,7153054,2,247
2076,4036979,2,218
2112,3747869,2,209
2076,4036978,2,199
1675,1676,2,110
2112,3747868,2,195
4996994,2076,2,250
2377,967988,2,180
2377,967989,2,180
2076,4037048,2,254
7176322,2089,2,203
2125,4035731,2,223
2125,4035730,2,223
5761975,2485,2,196
2257,6682566,2,306
2063,2111,2,100
1891,4035564,2,218
6423469,1767,2,256
4997012,1958,2,205
2089,6869786,2,195
2112,4044994,2,241
2112,4044993,2,197
1922,5770783,2,240
1891,5747217,2,193
1891,5747218,2,202
4996987,1767,2,254
2213,5018143,2,282
1922,5770784,2,243
2310,2311,2,110
2164,3747870,2,284
2076,5761444,2,189
2076,5761443,2,199
2076,5761442,2,250
1958,3811292,2,281
3749762,2485,2,220
2125,3740501,2,263
2125,3740502,2,194
2112,4037189,2,209
2112,4037187,2,195
2112,4037188,2,191
2550,5150454,2,195
2403,6251763,2,243
4471839,2403,2,230
2089,6869726,2,195
2213,1910,2,420
2136,3926305,2,264
2206,3887817,2,270
2424,7647712,2,416
2125,3764653,2,250
2136,3926304,2,247
1932,3673631,2,210
1898,4044989,2,234
1932,3673630,2,245
2403,6251764,2,230
2550,6869812,2,207
2121,3682086,2,212
1951,3673583,2,268
2297,2296,2,225
2521,3926302,2,241
2521,3926303,2,231
4037260,1951,2,208
2521,7153053,2,231
2521,7153052,2,241
2297,2298,2,161
2377,4726932,2,229
3343785,2063,2,180
6423473,2310,2,232
2063,3687078,2,191
2063,3687079,2,209
2382,4036968,2,221
2382,4036969,2,205
6591548,1767,2,229
2125,3666672,2,192
2125,3666673,2,194
4997020,2112,2,197
2403,5018355,2,248
2125,3747910,2,254
2403,5018356,2,214
2089,4036936,2,212
2403,5018357,2,214
2089,4036935,2,212
2089,4614627,2,215
2089,4614626,2,215
2125,3747911,2,236
1793,3893369,2,248
2125,3747909,2,210
2125,3747908,2,250
2063,3687300,2,205
2213,3811292,2,281
2377,4726955,2,254
2550,4117656,2,207
2550,4117655,2,210
2377,4726956,2,279
1767,7170694,2,207
2213,3666771,2,205
4037269,2294,2,197
2112,3687251,2,209
2112,3687252,2,191
2112,3687253,2,216
1767,2527,2,105
1958,1957,2,161
2121,7170691,2,212
3731629,1891,2,202
3343777,2377,2,180
2403,4036787,2,230
2403,4036786,2,243
2076,4044988,2,198
6423460,2076,2,250
2437,1956,2,600
2089,3689920,2,208
2076,3666672,2,192
2076,3666673,2,194
2136,5454920,2,264
4471839,1793,2,230
4996989,1767,2,207
2063,3748093,2,205
1891,5944499,2,251
4996991,2294,2,234
1958,3666771,2,205
2076,5747233,2,254
2206,7176294,2,197
2206,7176292,2,197
3343786,2063,2,180
2076,5747232,2,201
2076,5747231,2,199
2297,4035818,2,243
2136,5454919,2,247
2125,3666620,2,192
2063,3748094,2,220
2125,3666621,2,194
2089,4035534,2,212
2089,4035535,2,203
2297,5657322,2,220
1767,3926396,2,204
1958,1910,2,420
2063,3687251,2,209
2063,3687253,2,216
2063,3687252,2,191
1767,3926397,2,217
2213,3666723,2,205
1951,1956,2,600
3807564,2076,2,250
2125,1954,2,55
2125,1953,2,107
6591842,1767,2,217
1793,3764528,2,199
1793,3764527,2,243
2257,3446763,2,198
2072,5944516,2,207
2072,5944515,2,207
6591842,2377,2,217
2257,3446764,2,245
2403,3764540,2,216
2403,3893446,2,214
2403,3893447,2,217
1793,5454881,2,216
2424,3926433,2,376
2403,3893445,2,248
1793,5454880,2,199
2550,3664390,2,222
2403,3893448,2,199
7867520,2550,2,203
6591779,2076,2,216
1952,1951,2,145
2213,3749677,2,217
6591781,2076,2,254
2076,3740502,2,194
2076,3740501,2,263
2008,4726950,2,284
2121,3682024,2,194
2089,3689919,2,207
2072,5922192,2,274
1793,3764540,2,216
2072,5922193,2,252
1958,3749738,2,281
2382,5747222,2,205
1746,4035550,2,206
2382,5747221,2,221
2403,2404,2,90
3749793,1675,2,268
6423471,2310,2,198
2550,3664389,2,194
2112,3747835,2,241
2112,3747834,2,197
2403,3764527,2,243
2403,3764528,2,199
2089,3664389,2,194
1958,3666723,2,205
7176323,2089,2,212
2063,3748055,2,287
2063,3748056,2,264
2063,3748057,2,216
2125,3764607,2,250
1746,4035549,2,206
2125,3764608,2,259
4471841,2206,2,208
4037270,2125,2,218
2121,5944515,2,207
1675,4035810,2,274
2112,4726938,2,197
2213,2235,2,420
2403,3893369,2,248
4997012,2213,2,205
7867520,2089,2,203
1641,7153053,2,231
1641,7153052,2,241
2112,4726939,2,241
4471734,2521,2,241
2121,5944516,2,207
2550,3798450,2,207
2403,3893371,2,199
2125,5018392,2,185
2403,3893370,2,217
2550,3798449,2,210
2136,3764523,2,247
2136,3764524,2,264
2063,4037188,2,191
1675,4035809,2,196
2063,4037189,2,209
2089,3664390,2,222
2213,4211804,2,282
2063,4037187,2,195
1901,5747225,2,269
1675,4035806,2,399
1767,1647,2,120
1675,4035807,2,387
1675,4035808,2,207
3731629,2287,2,202
2403,3765306,2,225
2213,2212,2,145
2403,7153059,2,230
2403,7153058,2,243
1958,5657280,2,274
3749761,2297,2,205
1793,3765306,2,225
1901,2298,2,166
1901,2296,2,231
6423467,2377,2,217
6423466,2377,2,207
2112,3813102,2,195
2112,3813103,2,220
5761972,2485,2,399
1901,4035555,2,269
1901,4035556,2,205
2125,4045034,2,181
1958,5657278,2,235
3749790,1958,2,281
2076,3666724,2,192
5761973,1675,2,387
2076,3666725,2,194
1843,2311,2,103
2213,5761441,2,205
2550,3688572,2,194
2550,3688571,2,207
1759,2211,2,600
2072,4035566,2,194
2206,7176395,2,197
4471734,1641,2,241
1932,3446763,2,198
1793,2404,2,90
1958,4035729,2,205
1932,3446764,2,245
2550,4614716,2,215
2550,4614715,2,215
3749761,1901,2,205
6591781,2125,2,254
1675,2484,2,120
1675,2486,2,104
5761983,2213,2,217
2213,3749738,2,281
2076,3666772,2,192
2089,4889493,2,194
2072,4035543,2,212
2377,6591526,2,229
2089,4889494,2,194
1958,5761441,2,205
7867486,2550,2,212
4996990,2294,2,197
2164,4726950,2,284
1958,4045033,2,282
6591782,2297,2,243
2063,3813079,2,241
2063,3813077,2,287
2063,3813078,2,264
6591779,2125,2,216
2121,5922192,2,274
4471735,1793,2,243
2121,5922193,2,252
6591782,1901,2,243
2112,4726948,2,195
2112,4726949,2,209
1958,5018143,2,282
2550,6869663,2,207
2112,2111,2,96
1951,7176395,2,197
3343778,2377,2,180
2207,2206,2,145
2550,6869662,2,195
1793,5018411,2,214
2089,6869572,2,207
1793,5018410,2,248
2213,5657323,2,217
2089,6869571,2,195
1793,4036787,2,230
1793,4036786,2,243
1767,4726932,2,229
2125,5747233,2,254
2125,5747232,2,201
2125,5747231,2,199
2125,7275143,2,218
2125,7275142,2,192
2089,3688571,2,207
2089,3688572,2,194
2550,4614756,2,215
2112,3748094,2,220
2112,3748093,2,205
6423458,1958,2,282
6423466,1767,2,207
5762027,1958,2,235
2121,4035566,2,194
2287,5747217,2,193
2063,4044993,2,197
2287,5747218,2,202
2063,4044994,2,241
1901,5657322,2,220
2550,3689919,2,207
2550,3689920,2,208
1951,3764976,2,208
2550,4036935,2,212
2076,3740294,2,201
1958,3764652,2,205
2550,4036936,2,212
2076,3740295,2,218
1951,3887757,2,232
2017,3764524,2,264
2017,3764523,2,247
3807565,2125,2,259
4996982,2164,2,284
3749794,1675,2,274
2089,4889458,2,194
2089,4889457,2,194
1641,3926302,2,241
5762027,2213,2,235
1641,3926303,2,231
2125,4211807,2,223
2125,4211806,2,223
4037265,2063,2,209
2424,4035549,2,206
2297,4035556,2,205
2297,4035555,2,269
2424,4035550,2,206
4996980,2063,2,195
3807563,2213,2,205
2136,7153055,2,264
2136,7153054,2,247
2112,3748056,2,264
2112,3748055,2,287
2112,3748057,2,216
1767,6591526,2,229
6423470,1843,2,229
2257,4035547,2,207
6423468,1767,2,243
1793,5018435,2,230
1958,3764606,2,205
2125,2208,2,99
2125,2209,2,15
3343785,2112,2,180
2377,2527,2,117
1901,5747226,2,205
5761983,1958,2,217
2257,4035546,2,197
6423465,2377,2,253
2125,4035562,2,259
2125,4035561,2,199
2125,4035563,2,254
3731627,2424,2,373
2121,4035543,2,212
5761972,1675,2,399
1759,1956,2,600
1793,3893447,2,217
4037259,2521,2,282
1793,3893448,2,199
2377,1647,2,130
1958,2235,2,420
7176323,2550,2,212
2126,2213,2,137
2063,4726948,2,195
4996980,2112,2,195
7176293,2206,2,197
1746,4036966,2,206
1746,4036967,2,206
2063,4726949,2,209
1793,3893446,2,214
2136,5454883,2,264
1793,3893445,2,248
2213,3666619,2,205
2297,5657285,2,243
2257,6682465,2,306
2257,6682464,2,287
2287,5944524,2,202
3731630,2287,2,193
1901,5657285,2,243
6423460,2125,2,250
3807565,2076,2,259
1901,4035818,2,243
2424,4036967,2,206
2424,4036966,2,206
3343778,1767,2,180
1932,4035546,2,197
3807564,2125,2,250
1932,4035547,2,207
3343786,2112,2,180
2076,5018331,2,216
2076,5018330,2,185
6423464,1898,2,197
2063,4726939,2,241
2112,3764983,2,195
2063,4726938,2,197
2112,3764984,2,216
4996993,2125,2,259
4996987,2377,2,254
2017,5454883,2,264
2294,4044989,2,234
4996991,1898,2,234
2206,3764976,2,208
2076,4035730,2,223
2076,4035731,2,223
2213,5657278,2,235
2089,6869663,2,207
2089,6869662,2,195
2213,5657280,2,274
2112,3687123,2,241
1891,5944524,2,202
4471841,1951,2,208
4471735,2403,2,243
1767,4726956,2,279
2550,4035534,2,212
2550,4035535,2,203
1767,4726955,2,254
2125,3666772,2,192
2112,3687300,2,205
6423463,2294,2,234
4037259,1641,2,282
1766,2377,2,128
6423461,2125,2,210
1958,2212,2,124
1793,5454936,2,216
3749769,2213,2,217
6423468,2377,2,243
1891,4009092,2,193
3749793,2485,2,268
7176322,2550,2,203
1891,5944500,2,218
2089,4614756,2,215
2206,3673583,2,268
1958,3666671,2,205
1793,5454923,2,243
4997021,2063,2,241
1793,5454924,2,199
2125,3666562,2,194
2125,3666561,2,192
2213,3666671,2,205
2287,5944500,2,218
2213,4035729,2,205
2377,6591450,2,217
6591780,2076,2,216
2125,4036979,2,218
2403,3765258,2,225
2125,4036978,2,199
3749762,1675,2,220
2076,3666620,2,192
2076,3666621,2,194
2063,2062,2,75
2403,5454936,2,216
1958,3749677,2,217
4037264,2112,2,195
2076,5018392,2,185
5761975,1675,2,196
1952,2206,2,169
1958,3740297,2,282
1951,3765255,2,270
1901,4036972,2,269
3716893,2206,2,263
1901,4036973,2,205
1958,7275140,2,282
1932,6682566,2,306
2287,4009048,2,202
2287,4035564,2,218
2403,5454924,2,199
2403,1648,2,129
1891,4009048,2,202
1772,4035551,2,221
3807563,1958,2,205
1772,4035552,2,205
2550,4889494,2,194
1958,3666619,2,205
2550,4889493,2,194
6423464,2294,2,197
2403,5454923,2,243
4471840,2521,2,231
2063,3764983,2,195
2206,2211,2,600
2063,3764984,2,216
2125,3666725,2,194
2125,5018141,2,198
2125,3666724,2,192
7867486,2089,2,212
2125,5018140,2,223
2089,6869812,2,207
2112,4459258,2,241
2112,4459257,2,209
2076,5018140,2,223
2076,5018141,2,198
2121,3446769,2,259
2206,3887757,2,232
2063,3813103,2,220
1793,7153059,2,230
2063,3813102,2,195
1793,7153058,2,243
2125,5018330,2,185
2125,5018331,2,216
1641,3764975,2,282
2403,2528,2,118
2382,4035552,2,205
2382,4035551,2,221
2121,3446767,2,194
2521,3764975,2,282
2063,4036642,2,195
2063,4036643,2,191
2287,4009092,2,193
7176293,1951,2,197
4997020,2063,2,197
2121,3446770,2,274
2485,1676,2,127
2485,1674,2,116
2310,3687442,2,243
2550,5747235,2,203
1772,4036969,2,205
2077,1958,2,97
1772,4036968,2,221
4996994,2125,2,250
2076,4035563,2,254
2125,3740294,2,201
2076,4035562,2,259
2076,4035561,2,199
2125,3740295,2,218
1901,1900,2,235
2550,6869726,2,195
2550,4889458,2,194
2550,4889457,2,194
1901,1902,2,174
2063,3687123,2,241
1766,1767,2,60
2247,5770784,2,243
2247,5770783,2,240
1793,1794,2,90
4471840,1641,2,231
2125,4037048,2,254
1746,3926433,2,376
2125,4035817,2,254
2125,4035816,2,201
2125,4035815,2,201
2485,2486,2,125
4996990,1898,2,197
2485,2484,2,127
2063,3747835,2,241
2063,3747834,2,197
2063,4037243,2,241
2287,7568981,2,218
2550,4614627,2,215
6423473,1843,2,232
2297,4036972,2,269
4037264,2063,2,195
2213,3764652,2,205
2297,4036973,2,205
6423458,2213,2,282
2310,1844,2,106
4037260,2206,2,208
2403,5018411,2,214
2403,5018410,2,248
2550,4614626,2,215
2287,5944499,2,251
2213,4045033,2,282
2550,6869571,2,195
2550,6869572,2,207
2076,3747908,2,250
2076,3747909,2,210
6423465,1767,2,253
6423471,1843,2,198
2125,5761443,2,199
2125,5761444,2,189
2125,5761442,2,250
2213,7275140,2,282
2017,5454920,2,264
6591548,2377,2,229
3343777,1767,2,180
6423463,1898,2,234
4037268,1767,2,217
3749794,2485,2,274
2063,3747868,2,195
2297,1900,2,229
2063,3747869,2,209
2213,3740297,2,282
4996989,2377,2,207
2017,5454919,2,247
2297,1902,2,168
1793,3926337,2,216
2550,6869762,2,207
1891,4036964,2,193
2089,5150454,2,195
2076,3747910,2,254
2076,3747911,2,236
1891,4036965,2,202
2089,3798449,2,210
4996981,2112,2,209
1958,4211804,2,282
2403,3926309,2,199
2403,3926308,2,243
1793,5018355,2,248
1793,5018356,2,214
1793,5018357,2,214
2437,2211,2,600
3749769,1958,2,217
6423467,1767,2,217
5761974,1675,2,207
5761981,2213,2,274
2089,3798450,2,207
2008,3747870,2,284
6423472,1843,2,235
1767,967988,2,180
4997014,1767,2,253
1767,967989,2,180
2206,3765255,2,270
2550,6869786,2,195
1793,2528,2,162
1932,6682464,2,287
1932,6682465,2,306
1843,1844,2,98
1767,6591450,2,217
4996988,2377,2,217
1793,3926308,2,243
1793,3926309,2,199
1951,3887817,2,270
2377,3926396,2,204
2377,3926397,2,217
2485,4035810,2,274
2089,4117656,2,207
2089,4117655,2,210
2076,3666562,2,194
2076,3666561,2,192
3716893,1951,2,263
2424,5747219,2,206
2257,3673631,2,210
2257,3673630,2,245
2485,4035809,2,196
1793,1648,2,126
2485,4035806,2,399
1951,7176294,2,197
2485,4035807,2,387
2485,4035808,2,207
1951,7176292,2,197
2424,5747220,2,206
2089,5747235,2,203
2206,1956,2,600
1951,7153051,2,208
2076,2208,2,72
2076,4211806,2,223
1951,7153050,2,197
3749790,2213,2,281
2076,2209,2,55
2076,4211807,2,223
2207,1951,2,129
6423472,2310,2,235
1891,7568981,2,218
4037268,2377,2,217
1932,3682020,2,215
5761981,1958,2,274
1932,3682021,2,245
3749760,1901,2,269
2112,3813078,2,264
2112,3813079,2,241
2112,3813077,2,287
3731627,1746,2,373
4996993,2076,2,259
4997021,2112,2,241
2076,4045034,2,181
2072,3682024,2,194
4037270,2076,2,218
2076,4035817,2,254
2076,4035816,2,201
6423470,2310,2,229
2076,4035815,2,201
1793,3893370,2,217
1793,3893371,2,199
2089,4614715,2,215
2376,2377,2,153
2376,1767,2,79
2076,3764653,2,250
4037269,1898,2,197
2089,4614716,2,215
6423469,2377,2,256
4037265,2112,2,209
2063,4459258,2,241
2063,4459257,2,209
2213,1957,2,184
1793,3765258,2,225
1772,5747222,2,205
1772,5747221,2,221
1958,3747907,2,205
2403,3926337,2,216
3731630,1891,2,193
2403,1794,2,90
2297,5747225,2,269
2297,5747226,2,205
1958,5657323,2,217
1843,3687442,2,243
2213,3747907,2,205
2072,3446770,2,274
2017,3926304,2,247
2076,1954,2,70
2076,1953,2,83
2017,3926305,2,264
6423461,2076,2,210
4996982,2008,2,284
2213,3764606,2,205
3749760,2297,2,269
2072,3446769,2,259
1793,6251764,2,230
2072,3446767,2,194
1793,6251763,2,243
2206,7153050,2,197
2206,7153051,2,208
2206,3926338,2,208
2076,3764608,2,259
2076,3764607,2,250
4997014,2377,2,253
2125,4044988,2,198
2112,3687078,2,191
2112,2062,2,68
5761974,2485,2,207
4996988,1767,2,217
2112,4036642,2,195
2112,4036643,2,191
2112,3687079,2,209
1746,7647712,2,416
2112,4037243,2,241
2403,5018435,2,230
2257,3682021,2,245
2076,7275143,2,218
2377,7170694,2,207
2076,7275142,2,192
2257,3682020,2,215
2287,4036965,2,202
1951,2211,2,600
2287,4036964,2,193
2072,3682086,2,212
