service_id,date,exception_type
2773359,20190210,1
2773359,20190217,1
2773359,20190224,1
2773359,20190317,1
2773359,20190324,1
2773359,20190331,1
2773359,20190407,1
2773359,20190414,1
2773359,20190421,1
2773359,20190512,1
2773359,20190519,1
2773359,20190526,1
2773359,20190602,1
12773361,20190730,1
12773361,20190731,1
12773361,20190801,1
12773361,20190802,1
12773360,20190304,1
12773360,20190311,1
12773360,20190429,1
12773360,20190506,1
12773360,20190610,1
12773360,20190617,1
12773360,20190624,1
12773360,20190701,1
12773360,20190708,1
12773360,20190715,1
12773360,20190722,1
12773360,20190729,1
12773370,20190209,1
12773370,20190216,1
12773370,20190223,1
12773370,20190316,1
12773370,20190323,1
12773370,20190330,1
12773370,20190406,1
12773370,20190413,1
12773370,20190420,1
12773370,20190511,1
12773370,20190518,1
12773370,20190525,1
2773367,20190531,1
2773367,20190802,1
2773368,20190301,1
2773368,20190308,1
2773368,20190426,1
2773368,20190503,1
2773368,20190607,1
2773368,20190614,1
2773368,20190621,1
2773368,20190628,1
2773368,20190705,1
2773369,20190712,1
2773369,20190719,1
2773369,20190726,1
2773370,20190208,1
2773370,20190215,1
2773370,20190222,1
2773370,20190315,1
2773370,20190322,1
2773370,20190329,1
2773370,20190405,1
2773370,20190412,1
2773370,20190419,1
2773370,20190510,1
2773370,20190517,1
2773370,20190524,1
12773359,20190211,1
12773359,20190218,1
12773359,20190225,1
12773359,20190318,1
12773359,20190325,1
12773359,20190401,1
12773359,20190408,1
12773359,20190415,1
12773359,20190422,1
12773359,20190513,1
12773359,20190520,1
12773359,20190527,1
12773359,20190603,1
2773361,20190729,1
2773361,20190730,1
2773361,20190731,1
2773361,20190801,1
12773366,20190303,1
12773366,20190310,1
12773366,20190428,1
12773366,20190505,1
12773366,20190609,1
12773366,20190616,1
12773366,20190623,1
12773366,20190630,1
12773366,20190707,1
12773366,20190714,1
12773366,20190721,1
12773366,20190728,1
12773366,20190804,1
12773367,20190601,1
12773367,20190803,1
2773362,20190708,1
2773362,20190709,1
2773362,20190710,1
2773362,20190711,1
2773362,20190715,1
2773362,20190716,1
2773362,20190717,1
2773362,20190718,1
2773362,20190722,1
2773362,20190723,1
2773362,20190724,1
2773362,20190725,1
12773368,20190302,1
12773368,20190309,1
12773368,20190427,1
12773368,20190504,1
12773368,20190608,1
12773368,20190615,1
12773368,20190622,1
12773368,20190629,1
12773368,20190706,1
12773369,20190713,1
12773369,20190720,1
12773369,20190727,1
2773360,20190303,1
2773360,20190310,1
2773360,20190428,1
2773360,20190505,1
2773360,20190609,1
2773360,20190616,1
2773360,20190623,1
2773360,20190630,1
2773360,20190707,1
2773360,20190714,1
2773360,20190721,1
2773360,20190728,1
12773362,20190709,1
12773362,20190710,1
12773362,20190711,1
12773362,20190712,1
12773362,20190716,1
12773362,20190717,1
12773362,20190718,1
12773362,20190719,1
12773362,20190723,1
12773362,20190724,1
12773362,20190725,1
12773362,20190726,1
2773365,20190209,1
2773365,20190216,1
2773365,20190223,1
2773365,20190316,1
2773365,20190323,1
2773365,20190330,1
2773365,20190406,1
2773365,20190413,1
2773365,20190420,1
2773365,20190511,1
2773365,20190518,1
2773365,20190525,1
2773365,20190601,1
12773363,20190226,1
12773363,20190227,1
12773363,20190228,1
12773363,20190301,1
12773363,20190305,1
12773363,20190306,1
12773363,20190307,1
12773363,20190308,1
12773363,20190423,1
12773363,20190424,1
12773363,20190425,1
12773363,20190426,1
12773363,20190430,1
12773363,20190501,1
12773363,20190502,1
12773363,20190503,1
12773363,20190604,1
12773363,20190605,1
12773363,20190606,1
12773363,20190607,1
12773363,20190611,1
12773363,20190612,1
12773363,20190613,1
12773363,20190614,1
12773363,20190618,1
12773363,20190619,1
12773363,20190620,1
12773363,20190621,1
12773363,20190625,1
12773363,20190626,1
12773363,20190627,1
12773363,20190628,1
12773363,20190702,1
12773363,20190703,1
12773363,20190704,1
12773363,20190705,1
2773366,20190302,1
2773366,20190309,1
2773366,20190427,1
2773366,20190504,1
2773366,20190608,1
2773366,20190615,1
2773366,20190622,1
2773366,20190629,1
2773366,20190706,1
2773366,20190713,1
2773366,20190720,1
2773366,20190727,1
2773366,20190803,1
12773364,20190206,1
12773364,20190207,1
12773364,20190208,1
12773364,20190212,1
12773364,20190213,1
12773364,20190214,1
12773364,20190215,1
12773364,20190219,1
12773364,20190220,1
12773364,20190221,1
12773364,20190222,1
12773364,20190312,1
12773364,20190313,1
12773364,20190314,1
12773364,20190315,1
12773364,20190319,1
12773364,20190320,1
12773364,20190321,1
12773364,20190322,1
12773364,20190326,1
12773364,20190327,1
12773364,20190328,1
12773364,20190329,1
12773364,20190402,1
12773364,20190403,1
12773364,20190404,1
12773364,20190405,1
12773364,20190409,1
12773364,20190410,1
12773364,20190411,1
12773364,20190412,1
12773364,20190416,1
12773364,20190417,1
12773364,20190418,1
12773364,20190419,1
12773364,20190507,1
12773364,20190508,1
12773364,20190509,1
12773364,20190510,1
12773364,20190514,1
12773364,20190515,1
12773364,20190516,1
12773364,20190517,1
12773364,20190521,1
12773364,20190522,1
12773364,20190523,1
12773364,20190524,1
12773364,20190528,1
12773364,20190529,1
12773364,20190530,1
12773364,20190531,1
2773363,20190225,1
2773363,20190226,1
2773363,20190227,1
2773363,20190228,1
2773363,20190304,1
2773363,20190305,1
2773363,20190306,1
2773363,20190307,1
2773363,20190422,1
2773363,20190423,1
2773363,20190424,1
2773363,20190425,1
2773363,20190429,1
2773363,20190430,1
2773363,20190501,1
2773363,20190502,1
2773363,20190603,1
2773363,20190604,1
2773363,20190605,1
2773363,20190606,1
2773363,20190610,1
2773363,20190611,1
2773363,20190612,1
2773363,20190613,1
2773363,20190617,1
2773363,20190618,1
2773363,20190619,1
2773363,20190620,1
2773363,20190624,1
2773363,20190625,1
2773363,20190626,1
2773363,20190627,1
2773363,20190701,1
2773363,20190702,1
2773363,20190703,1
2773363,20190704,1
12773365,20190210,1
12773365,20190217,1
12773365,20190224,1
12773365,20190317,1
12773365,20190324,1
12773365,20190331,1
12773365,20190407,1
12773365,20190414,1
12773365,20190421,1
12773365,20190512,1
12773365,20190519,1
12773365,20190526,1
12773365,20190602,1
2773364,20190205,1
2773364,20190206,1
2773364,20190207,1
2773364,20190211,1
2773364,20190212,1
2773364,20190213,1
2773364,20190214,1
2773364,20190218,1
2773364,20190219,1
2773364,20190220,1
2773364,20190221,1
2773364,20190311,1
2773364,20190312,1
2773364,20190313,1
2773364,20190314,1
2773364,20190318,1
2773364,20190319,1
2773364,20190320,1
2773364,20190321,1
2773364,20190325,1
2773364,20190326,1
2773364,20190327,1
2773364,20190328,1
2773364,20190401,1
2773364,20190402,1
2773364,20190403,1
2773364,20190404,1
2773364,20190408,1
2773364,20190409,1
2773364,20190410,1
2773364,20190411,1
2773364,20190415,1
2773364,20190416,1
2773364,20190417,1
2773364,20190418,1
2773364,20190506,1
2773364,20190507,1
2773364,20190508,1
2773364,20190509,1
2773364,20190513,1
2773364,20190514,1
2773364,20190515,1
2773364,20190516,1
2773364,20190520,1
2773364,20190521,1
2773364,20190522,1
2773364,20190523,1
2773364,20190527,1
2773364,20190528,1
2773364,20190529,1
2773364,20190530,1
